E1 41.5 389 4 -191407
F1 44 400 6 -258113
F#1 46.5 400 6 -261234
G1 48 314 15 -260097
G#1 52 314 10 -261682
A1 55 340 10 -257985
A#1 58.5 227 12 -262130
B1 62 177 14 -4034
C2 66 311 9 -4032
C#2 70 311 9 -204786
D2 74 591 6 -159808
D#2 78 591 9 -232576
E3 165 400 9 -191407
F3 175 632 10 -258113
F#3 185 632 10 -261234
G3 196 653 5 -260097
G#3 208 653 5 -261682
A3 220 571 9 -257985
A#3 233 671 2 -262130
B3 247 277 9 -4034
C4 262 541 7 -4032
C#4 277 770 8 -204786
D4 294 275 10 -159808
D#4 311 275 6 -232576
	