E2 83 389 4 -191407
F2 88 400 6 -258113
F#2 93 400 6 -261234
G2 98 314 15 -260097
G#2 104 314 10 -261682
A2 110 340 10 -257985
A#2 117 227 12 -262130
B2 124 177 14 -4034
C3 131 311 9 -4032
C#3 139 311 9 -204786
D3 147 591 6 -159808
D#3 156 591 9 -232576
E3 164.8 400 9 -191407
F3 175 632 10 -258113
F#3 185 632 10 -261234
G3 196 653 5 -260097
G#3 208 653 5 -261682
A3 220 571 9 -257985
A#3 233 671 2 -262130
B3 247 277 9 -4034
C4 262 541 7 -4032
C#4 277 770 8 -204786
D4 294 275 10 -159808
D#4 330 275 6 -232576