E2 165 389 4 -191407
F2 175 400 6 -258113
F#2 185 400 6 -261234
G2 196 314 15 -260097
G#2 208 314 10 -261682
A2 220 340 10 -257985
A#2 233 227 12 -262130
B2 247 177 14 -4034
C3 262 311 9 -4032
C#3 277 311 9 -204786
D3 294 591 6 -159808
D#3 311 591 9 -232576
E3 330 400 9 -191407
F3 349 632 10 -258113
F#3 370 632 10 -261234
G3 392 653 5 -260097
G#3 415 653 5 -261682
A3 440 571 9 -257985
A#3 466 671 2 -262130
B3 494 277 9 -4034
C4 523 541 7 -4032
C#4 554 770 8 -204786
D4 587 275 10 -159808
D#4 622 275 6 -232576