-0.979999
-0.979999
-0.979999
-0.979999
-0.999999
-0.999999
-0.999999
-0.999999
-0.999999
-0.999999
-0.999999
-0.999999
-0.999999
-0.999999
-0.999999
-0.999999
-0.999999
-0.999999
-0.999999
-0.999999
-0.999999
-0.999999
-0.999999
-0.999999
-0.999999
-0.999999
-0.999999
-0.999999
-0.999999
-0.979999
-0.979999
-0.979999
-0.979999
-0.979999
-0.979999
-0.979999
-0.979999
-0.979999
-0.959999
-0.959999
-0.939999
-0.939999
-0.919999
-0.919999
-0.899999
-0.879999
-0.859999
-0.839999
-0.819999
-0.739999
-0.34
-0.24
-0.02
0.0799999
0.14
0.16
0.18
0.2
0.22
0.24
0.26
0.28
0.28
0.3
0.32
0.34
0.36
0.38
0.4
0.4
0.42
0.44
0.46
0.48
0.5
0.52
0.559999
0.579999
0.599999
0.619999
0.639999
0.659999
0.679999
0.699999
0.719999
0.739999
0.779999
0.779999
0.799999
0.839999
0.839999
0.859999
0.879999
0.899999
0.919999
0.939999
0.939999
0.959999
0.979999
1.02
